{"trainingPairs":[{"input":[0,0,0,1,0,0,0,0,0],"output":[2,0,1.5,0,2.0833333333333326,0,2,0,0],"hitState":[[0,0,0],[1,0,0],[0,0,0]],"shipState":[[0,0,0],[1,1,0],[0,0,0]],"probState":[[0.25,0,0.16666666666666666],[0.75,0.4166666666666667,0.3333333333333333],[0.25,0,0]],"infoGainState":[[2,0,1.5],[0,2.0833333333333326,0],[2,0,0]],"size":3},{"input":[0,0,0,0,1,0,0,0,0],"output":[2.9565217391304346,2.869565217391304,1.4782608695652173,2.869565217391304,0,2.869565217391304,1.4782608695652173,2.869565217391304,0],"hitState":[[0,0,0],[0,1,0],[0,0,0]],"shipState":[[0,0,0],[1,1,0],[0,0,0]],"probState":[[0.17391304347826086,0.30434782608695654,0.17391304347826086],[0.30434782608695654,0.5217391304347826,0.30434782608695654],[0.17391304347826086,0.30434782608695654,0.17391304347826086]],"infoGainState":[[2.9565217391304346,2.869565217391304,1.4782608695652173],[2.869565217391304,0,2.869565217391304],[1.4782608695652173,2.869565217391304,0]],"size":3},{"input":[0,0,0,0,0,0,0,0,0],"output":[1.0000000000000002,0,0,1.1102230246251565e-16,0,0,0,0,0],"hitState":[[0,0,0],[0,0,0],[0,0,0]],"shipState":[[0,0,0],[1,1,0],[0,0,0]],"probState":[[0.3333333333333333,0,0],[0.6666666666666666,0.3333333333333333,0],[0,0,0]],"infoGainState":[[1.0000000000000002,0,0],[1.1102230246251565e-16,0,0],[0,0,0]],"size":3},{"input":[0,0,0,0,0,0,0,0,0],"output":[1.5999999999999999,0.40000000000000013,0.7999999999999999,0.40000000000000013,-0.8000000000000003,0.20000000000000007,0.7999999999999999,0.20000000000000007,0],"hitState":[[0,0,0],[0,0,0],[0,0,0]],"shipState":[[0,0,0],[1,1,0],[0,0,0]],"probState":[[0.4,0.6,0.4],[0.6,0.8,0.6],[0.4,0.6,0.4]],"infoGainState":[[1.5999999999999999,0.40000000000000013,0.7999999999999999],[0.40000000000000013,-0.8000000000000003,0.20000000000000007],[0.7999999999999999,0.20000000000000007,0]],"size":3},{"input":[0,0,0,0,0,0,0,0,0],"output":[1.5999999999999999,0.40000000000000013,0.7999999999999999,0.40000000000000013,-0.8000000000000003,0.20000000000000007,0.7999999999999999,0.20000000000000007,0],"hitState":[[0,0,0],[0,0,0],[0,0,0]],"shipState":[[0,0,0],[1,1,0],[0,0,0]],"probState":[[0.4,0.6,0.4],[0.6,0.8,0.6],[0.4,0.6,0.4]],"infoGainState":[[1.5999999999999999,0.40000000000000013,0.7999999999999999],[0.40000000000000013,-0.8000000000000003,0.20000000000000007],[0.7999999999999999,0.20000000000000007,0]],"size":3},{"input":[0,0,0,0,0,0,0,0,0],"output":[1.25,0,1.25,-0.5,-0.5,-0.25,0.5,-0.25,0],"hitState":[[0,0,0],[0,0,0],[0,0,0]],"shipState":[[0,0,0],[1,1,0],[0,0,0]],"probState":[[0.25,0,0.25],[0.75,0.75,0.75],[0.5,0.75,0.5]],"infoGainState":[[1.25,0,1.25],[-0.5,-0.5,-0.25],[0.5,-0.25,0]],"size":3},{"input":[0,0,0,0,0,0,0,0,0],"output":[1.5999999999999999,0.40000000000000013,0.7999999999999999,0.40000000000000013,0.20000000000000007,0.20000000000000007,0,0,0],"hitState":[[0,0,0],[0,0,0],[0,0,0]],"shipState":[[0,0,0],[1,1,0],[0,0,0]],"probState":[[0.4,0.6,0.4],[0.6,0.6,0.6],[0.2,0,0.2]],"infoGainState":[[1.5999999999999999,0.40000000000000013,0.7999999999999999],[0.40000000000000013,0.20000000000000007,0.20000000000000007],[0,0,0]],"size":3},{"input":[0,0,0,0,0,0,0,0,0],"output":[1.5999999999999999,0.40000000000000013,0.7999999999999999,0.40000000000000013,-0.8000000000000003,0.20000000000000007,0.7999999999999999,0.20000000000000007,0],"hitState":[[0,0,0],[0,0,0],[0,0,0]],"shipState":[[0,0,0],[1,1,0],[0,0,0]],"probState":[[0.4,0.6,0.4],[0.6,0.8,0.6],[0.4,0.6,0.4]],"infoGainState":[[1.5999999999999999,0.40000000000000013,0.7999999999999999],[0.40000000000000013,-0.8000000000000003,0.20000000000000007],[0.7999999999999999,0.20000000000000007,0]],"size":3},{"input":[0,0,0,0,0,0,0,0,0],"output":[1.0000000000000002,0,0,1.1102230246251565e-16,0,0,0,0,0],"hitState":[[0,0,0],[0,0,0],[0,0,0]],"shipState":[[0,0,0],[1,1,0],[0,0,0]],"probState":[[0.3333333333333333,0,0],[0.6666666666666666,0.3333333333333333,0],[0,0,0]],"infoGainState":[[1.0000000000000002,0,0],[1.1102230246251565e-16,0,0],[0,0,0]],"size":3},{"input":[0,0,0,0,0,0,0,0,0],"output":[1.5999999999999999,0.40000000000000013,0.7999999999999999,0.40000000000000013,-0.8000000000000003,0.20000000000000007,0.7999999999999999,0.20000000000000007,0],"hitState":[[0,0,0],[0,0,0],[0,0,0]],"shipState":[[0,0,0],[1,1,0],[0,0,0]],"probState":[[0.4,0.6,0.4],[0.6,0.8,0.6],[0.4,0.6,0.4]],"infoGainState":[[1.5999999999999999,0.40000000000000013,0.7999999999999999],[0.40000000000000013,-0.8000000000000003,0.20000000000000007],[0.7999999999999999,0.20000000000000007,0]],"size":3},{"input":[0,0,0,1,1,0,0,0,0],"output":[3.6,3.0399999999999996,1.52,0,0,3.0399999999999996,3.6,3.0399999999999996,0],"hitState":[[0,0,0],[1,1,0],[0,0,0]],"shipState":[[0,0,0],[1,1,0],[0,0,0]],"probState":[[0.2,0.28,0.16],[0.4,0.52,0.28],[0.2,0.28,0.16]],"infoGainState":[[3.6,3.0399999999999996,1.52],[0,0,3.0399999999999996],[3.6,3.0399999999999996,0]],"size":3},{"input":[0,0,0,0,0,0,0,0,0],"output":[1.5999999999999999,0.40000000000000013,0.7999999999999999,0.7999999999999999,-0.8000000000000003,0,0,0,0],"hitState":[[0,0,0],[0,0,0],[0,0,0]],"shipState":[[0,0,0],[1,1,0],[0,0,0]],"probState":[[0.4,0.6,0.4],[0.4,0.8,0.4],[0,0.2,0]],"infoGainState":[[1.5999999999999999,0.40000000000000013,0.7999999999999999],[0.7999999999999999,-0.8000000000000003,0],[0,0,0]],"size":3},{"input":[0,0,0,1,1,0,0,0,0],"output":[0,1.2857142857142856,0,0,0,0,0,0,0],"hitState":[[0,0,0],[1,1,0],[0,0,0]],"shipState":[[0,0,0],[1,1,0],[0,0,0]],"probState":[[0,0.42857142857142855,0],[0.5714285714285714,1,0],[0,0,0]],"infoGainState":[[0,1.2857142857142856,0],[0,0,0],[0,0,0]],"size":3},{"input":[0,0,0,0,1,0,0,0,0],"output":[2.9565217391304346,2.869565217391304,1.4782608695652173,2.869565217391304,0,2.869565217391304,1.4782608695652173,2.869565217391304,0],"hitState":[[0,0,0],[0,1,0],[0,0,0]],"shipState":[[0,0,0],[1,1,0],[0,0,0]],"probState":[[0.17391304347826086,0.30434782608695654,0.17391304347826086],[0.30434782608695654,0.5217391304347826,0.30434782608695654],[0.17391304347826086,0.30434782608695654,0.17391304347826086]],"infoGainState":[[2.9565217391304346,2.869565217391304,1.4782608695652173],[2.869565217391304,0,2.869565217391304],[1.4782608695652173,2.869565217391304,0]],"size":3},{"input":[0,0,0,0,0,0,0,0,0],"output":[1.25,0,1.25,-0.5,-0.5,-0.25,0.5,-0.25,0],"hitState":[[0,0,0],[0,0,0],[0,0,0]],"shipState":[[0,0,0],[1,1,0],[0,0,0]],"probState":[[0.25,0,0.25],[0.75,0.75,0.75],[0.5,0.75,0.5]],"infoGainState":[[1.25,0,1.25],[-0.5,-0.5,-0.25],[0.5,-0.25,0]],"size":3},{"input":[0,0,0,1,0,0,0,0,0],"output":[0,2.1538461538461537,1.0769230769230769,0,0.07692307692307754,0.6153846153846153,0,1.0769230769230769,0],"hitState":[[0,0,0],[1,0,0],[0,0,0]],"shipState":[[0,0,0],[1,1,0],[0,0,0]],"probState":[[0,0.3076923076923077,0.3076923076923077],[0.23076923076923078,0.6923076923076923,0.46153846153846156],[0,0.3076923076923077,0.3076923076923077]],"infoGainState":[[0,2.1538461538461537,1.0769230769230769],[0,0.07692307692307754,0.6153846153846153],[0,1.0769230769230769,0]],"size":3},{"input":[0,0,0,1,0,0,0,0,0],"output":[0,2.1538461538461537,1.0769230769230769,0,0.07692307692307754,0.6153846153846153,0,1.0769230769230769,0],"hitState":[[0,0,0],[1,0,0],[0,0,0]],"shipState":[[0,0,0],[1,1,0],[0,0,0]],"probState":[[0,0.3076923076923077,0.3076923076923077],[0.23076923076923078,0.6923076923076923,0.46153846153846156],[0,0.3076923076923077,0.3076923076923077]],"infoGainState":[[0,2.1538461538461537,1.0769230769230769],[0,0.07692307692307754,0.6153846153846153],[0,1.0769230769230769,0]],"size":3},{"input":[0,0,0,0,0,0,0,0,0],"output":[1.5999999999999999,0.40000000000000013,0.7999999999999999,0.40000000000000013,-0.8000000000000003,0.20000000000000007,0.7999999999999999,0.20000000000000007,0],"hitState":[[0,0,0],[0,0,0],[0,0,0]],"shipState":[[0,1,1],[0,0,0],[0,0,0]],"probState":[[0.4,0.6,0.4],[0.6,0.8,0.6],[0.4,0.6,0.4]],"infoGainState":[[1.5999999999999999,0.40000000000000013,0.7999999999999999],[0.40000000000000013,-0.8000000000000003,0.20000000000000007],[0.7999999999999999,0.20000000000000007,0]],"size":3},{"input":[0,0,0,0,0,0,0,0,0],"output":[1.5999999999999999,0.40000000000000013,0.7999999999999999,0.40000000000000013,-0.8000000000000003,0.20000000000000007,0.7999999999999999,0.20000000000000007,0],"hitState":[[0,0,0],[0,0,0],[0,0,0]],"shipState":[[0,1,1],[0,0,0],[0,0,0]],"probState":[[0.4,0.6,0.4],[0.6,0.8,0.6],[0.4,0.6,0.4]],"infoGainState":[[1.5999999999999999,0.40000000000000013,0.7999999999999999],[0.40000000000000013,-0.8000000000000003,0.20000000000000007],[0.7999999999999999,0.20000000000000007,0]],"size":3},{"input":[0,0,0,0,0,0,0,0,0],"output":[-2,-1,-1,0,0,-1,0,0.5,0],"hitState":[[0,0,0],[0,0,0],[0,0,0]],"shipState":[[0,1,1],[0,0,0],[0,0,0]],"probState":[[1,1,1],[0.5,0,1],[0,0.5,1]],"infoGainState":[[-2,-1,-1],[0,0,-1],[0,0.5,0]],"size":3},{"input":[0,0,0,0,0,0,0,0,0],"output":[-2,-1,0,-1,0,0,-1,-1,0],"hitState":[[0,0,0],[0,0,0],[0,0,0]],"shipState":[[0,1,1],[0,0,0],[0,0,0]],"probState":[[1,1,0.5],[1,0,0],[1,1,0.5]],"infoGainState":[[-2,-1,0],[-1,0,0],[-1,-1,0]],"size":3},{"input":[0,0,1,0,0,0,0,0,0],"output":[1.8181818181818181,0.5454545454545456,0,0.7272727272727275,-0.36363636363636376,0.5454545454545456,0.9090909090909091,0.36363636363636376,0],"hitState":[[0,0,1],[0,0,0],[0,0,0]],"shipState":[[0,1,1],[0,0,0],[0,0,0]],"probState":[[0.36363636363636365,0.6363636363636364,0.5454545454545454],[0.5454545454545454,0.7272727272727273,0.6363636363636364],[0.36363636363636365,0.5454545454545454,0.36363636363636365]],"infoGainState":[[1.8181818181818181,0.5454545454545456,0],[0.7272727272727275,-0.36363636363636376,0.5454545454545456],[0.9090909090909091,0.36363636363636376,0]],"size":3},{"input":[0,0,0,0,0,0,0,0,0],"output":[1.5999999999999999,0.40000000000000013,0.7999999999999999,0.40000000000000013,-0.8000000000000003,0.20000000000000007,0.7999999999999999,0.20000000000000007,0],"hitState":[[0,0,0],[0,0,0],[0,0,0]],"shipState":[[0,1,1],[0,0,0],[0,0,0]],"probState":[[0.4,0.6,0.4],[0.6,0.8,0.6],[0.4,0.6,0.4]],"infoGainState":[[1.5999999999999999,0.40000000000000013,0.7999999999999999],[0.40000000000000013,-0.8000000000000003,0.20000000000000007],[0.7999999999999999,0.20000000000000007,0]],"size":3},{"input":[0,0,0,0,0,0,0,0,0],"output":[1.25,-0.5,0,0,0,0,0,0,0],"hitState":[[0,0,0],[0,0,0],[0,0,0]],"shipState":[[0,1,1],[0,0,0],[0,0,0]],"probState":[[0.25,0.75,0.25],[0,0.25,0],[0,0,0]],"infoGainState":[[1.25,-0.5,0],[0,0,0],[0,0,0]],"size":3},{"input":[0,0,0,0,0,0,0,0,0],"output":[1.5999999999999999,0.40000000000000013,0.7999999999999999,0.40000000000000013,-0.8000000000000003,0.20000000000000007,0.7999999999999999,0.20000000000000007,0],"hitState":[[0,0,0],[0,0,0],[0,0,0]],"shipState":[[0,1,1],[0,0,0],[0,0,0]],"probState":[[0.4,0.6,0.4],[0.6,0.8,0.6],[0.4,0.6,0.4]],"infoGainState":[[1.5999999999999999,0.40000000000000013,0.7999999999999999],[0.40000000000000013,-0.8000000000000003,0.20000000000000007],[0.7999999999999999,0.20000000000000007,0]],"size":3},{"input":[0,0,0,0,0,0,0,0,0],"output":[1.0000000000000002,1.1102230246251565e-16,1.1102230246251565e-16,0,0,1.1102230246251565e-16,0,0,0],"hitState":[[0,0,0],[0,0,0],[0,0,0]],"shipState":[[0,1,1],[0,0,0],[0,0,0]],"probState":[[0.3333333333333333,0.6666666666666666,0.6666666666666666],[0,0,0.6666666666666666],[0,0,0.3333333333333333]],"infoGainState":[[1.0000000000000002,1.1102230246251565e-16,1.1102230246251565e-16],[0,0,1.1102230246251565e-16],[0,0,0]],"size":3},{"input":[0,0,0,0,0,0,0,0,0],"output":[1.25,-0.5,0.5,0,-0.5,-0.25,1.25,-0.25,0],"hitState":[[0,0,0],[0,0,0],[0,0,0]],"shipState":[[0,1,1],[0,0,0],[0,0,0]],"probState":[[0.25,0.75,0.5],[0,0.75,0.75],[0.25,0.75,0.5]],"infoGainState":[[1.25,-0.5,0.5],[0,-0.5,-0.25],[1.25,-0.25,0]],"size":3},{"input":[0,1,1,0,0,0,0,0,0],"output":[2.6666666666666674,0,0,1.5999999999999999,1.0000000000000004,1.7333333333333332,1.2000000000000002,0.7999999999999999,0],"hitState":[[0,1,1],[0,0,0],[0,0,0]],"shipState":[[0,1,1],[0,0,0],[0,0,0]],"probState":[[0.3333333333333333,0.6666666666666666,0.4666666666666667],[0.4,0.6,0.4666666666666667],[0.26666666666666666,0.4,0.26666666666666666]],"infoGainState":[[2.6666666666666674,0,0],[1.5999999999999999,1.0000000000000004,1.7333333333333332],[1.2000000000000002,0.7999999999999999,0]],"size":3},{"input":[0,0,0,0,0,0,0,0,0],"output":[0,1.5999999999999999,0.7999999999999999,0,0.7999999999999999,0.20000000000000007,0,0,0],"hitState":[[0,0,0],[0,0,0],[0,0,0]],"shipState":[[0,1,1],[0,0,0],[0,0,0]],"probState":[[0,0.4,0.4],[0,0.4,0.6],[0,0,0.2]],"infoGainState":[[0,1.5999999999999999,0.7999999999999999],[0,0.7999999999999999,0.20000000000000007],[0,0,0]],"size":3},{"input":[0,0,0,0,0,0,0,0,0],"output":[1.5999999999999999,0.40000000000000013,0.7999999999999999,0.40000000000000013,0.20000000000000007,0,0,0,0],"hitState":[[0,0,0],[0,0,0],[0,0,0]],"shipState":[[0,1,1],[0,0,0],[0,0,0]],"probState":[[0.4,0.6,0.4],[0.6,0.6,0.4],[0.2,0,0]],"infoGainState":[[1.5999999999999999,0.40000000000000013,0.7999999999999999],[0.40000000000000013,0.20000000000000007,0],[0,0,0]],"size":3},{"input":[0,1,0,0,0,0,0,0,0],"output":[2.4999999999999996,0,2.4999999999999996,1.4285714285714284,0.5714285714285707,0.7142857142857142,1.1428571428571428,0.7142857142857142,0],"hitState":[[0,1,0],[0,0,0],[0,0,0]],"shipState":[[0,1,1],[0,0,0],[0,0,0]],"probState":[[0.35714285714285715,0.6428571428571429,0.35714285714285715],[0.42857142857142855,0.6428571428571429,0.42857142857142855],[0.2857142857142857,0.42857142857142855,0.2857142857142857]],"infoGainState":[[2.4999999999999996,0,2.4999999999999996],[1.4285714285714284,0.5714285714285707,0.7142857142857142],[1.1428571428571428,0.7142857142857142,0]],"size":3},{"input":[0,0,0,0,0,0,0,0,0],"output":[0,1.5999999999999999,0,1.5999999999999999,0.20000000000000007,0,0.7999999999999999,0.20000000000000007,0],"hitState":[[0,0,0],[0,0,0],[0,0,0]],"shipState":[[0,1,1],[0,0,0],[0,0,0]],"probState":[[0,0.4,0.2],[0.4,0.6,0],[0.4,0.6,0.2]],"infoGainState":[[0,1.5999999999999999,0],[1.5999999999999999,0.20000000000000007,0],[0.7999999999999999,0.20000000000000007,0]],"size":3},{"input":[0,0,0,0,0,0,0,0,0],"output":[0,1.5999999999999999,0.7999999999999999,0,0.40000000000000013,0.20000000000000007,0,0.7999999999999999,0],"hitState":[[0,0,0],[0,0,0],[0,0,0]],"shipState":[[0,1,1],[0,0,0],[0,0,0]],"probState":[[0,0.4,0.4],[0,0.6,0.6],[0,0.4,0.4]],"infoGainState":[[0,1.5999999999999999,0.7999999999999999],[0,0.40000000000000013,0.20000000000000007],[0,0.7999999999999999,0]],"size":3},{"input":[0,0,0,0,0,0,0,0,0],"output":[0,1.5999999999999999,0.7999999999999999,0,0.40000000000000013,0.20000000000000007,0,0.7999999999999999,0],"hitState":[[0,0,0],[0,0,0],[0,0,0]],"shipState":[[0,1,1],[0,0,0],[0,0,0]],"probState":[[0,0.4,0.4],[0,0.6,0.6],[0,0.4,0.4]],"infoGainState":[[0,1.5999999999999999,0.7999999999999999],[0,0.40000000000000013,0.20000000000000007],[0,0.7999999999999999,0]],"size":3},{"input":[0,0,0,0,0,0,0,0,0],"output":[1.5999999999999999,0.40000000000000013,0.7999999999999999,0.40000000000000013,-0.8000000000000003,0.20000000000000007,0.7999999999999999,0.20000000000000007,0],"hitState":[[0,0,0],[0,0,0],[0,0,0]],"shipState":[[0,1,0],[0,1,0],[0,0,0]],"probState":[[0.4,0.6,0.4],[0.6,0.8,0.6],[0.4,0.6,0.4]],"infoGainState":[[1.5999999999999999,0.40000000000000013,0.7999999999999999],[0.40000000000000013,-0.8000000000000003,0.20000000000000007],[0.7999999999999999,0.20000000000000007,0]],"size":3},{"input":[0,0,0,0,1,0,0,0,0],"output":[2.9565217391304346,2.869565217391304,1.4782608695652173,2.869565217391304,0,2.869565217391304,1.4782608695652173,2.869565217391304,0],"hitState":[[0,0,0],[0,1,0],[0,0,0]],"shipState":[[0,1,0],[0,1,0],[0,0,0]],"probState":[[0.17391304347826086,0.30434782608695654,0.17391304347826086],[0.30434782608695654,0.5217391304347826,0.30434782608695654],[0.17391304347826086,0.30434782608695654,0.17391304347826086]],"infoGainState":[[2.9565217391304346,2.869565217391304,1.4782608695652173],[2.869565217391304,0,2.869565217391304],[1.4782608695652173,2.869565217391304,0]],"size":3},{"input":[0,0,0,0,0,0,0,0,0],"output":[0,1.25,0,0,-0.5,0,0,0,0],"hitState":[[0,0,0],[0,0,0],[0,0,0]],"shipState":[[0,1,0],[0,1,0],[0,0,0]],"probState":[[0,0.25,0],[0,0.75,0.25],[0,0.25,0]],"infoGainState":[[0,1.25,0],[0,-0.5,0],[0,0,0]],"size":3},{"input":[0,0,0,0,0,0,0,0,0],"output":[1.25,-0.5,0.5,0,-0.5,-0.25,1.25,-0.25,0],"hitState":[[0,0,0],[0,0,0],[0,0,0]],"shipState":[[0,1,0],[0,1,0],[0,0,0]],"probState":[[0.25,0.75,0.5],[0,0.75,0.75],[0.25,0.75,0.5]],"infoGainState":[[1.25,-0.5,0.5],[0,-0.5,-0.25],[1.25,-0.25,0]],"size":3},{"input":[0,1,0,0,1,0,0,0,0],"output":[2.6666666666666674,0,2.6666666666666674,1.7333333333333332,0,1.7333333333333332,1.2000000000000002,1.7333333333333332,0],"hitState":[[0,1,0],[0,1,0],[0,0,0]],"shipState":[[0,1,0],[0,1,0],[0,0,0]],"probState":[[0.3333333333333333,0.6666666666666666,0.3333333333333333],[0.4666666666666667,0.8666666666666667,0.4666666666666667],[0.26666666666666666,0.4666666666666667,0.26666666666666666]],"infoGainState":[[2.6666666666666674,0,2.6666666666666674],[1.7333333333333332,0,1.7333333333333332],[1.2000000000000002,1.7333333333333332,0]],"size":3},{"input":[0,0,0,0,0,0,0,0,0],"output":[1.25,-0.5,0,0,0,0,0,0,0],"hitState":[[0,0,0],[0,0,0],[0,0,0]],"shipState":[[0,1,0],[0,1,0],[0,0,0]],"probState":[[0.25,0.75,0.25],[0,0.25,0],[0,0,0]],"infoGainState":[[1.25,-0.5,0],[0,0,0],[0,0,0]],"size":3},{"input":[0,1,0,0,1,0,0,0,0],"output":[0,0,1.2857142857142856,0,0,0,0,0,0],"hitState":[[0,1,0],[0,1,0],[0,0,0]],"shipState":[[0,1,0],[0,1,0],[0,0,0]],"probState":[[0,1,0.42857142857142855],[0,0.5714285714285714,0],[0,0,0]],"infoGainState":[[0,0,1.2857142857142856],[0,0,0],[0,0,0]],"size":3},{"input":[0,0,0,0,0,0,0,0,0],"output":[1.5999999999999999,0.40000000000000013,0.7999999999999999,0.40000000000000013,-0.8000000000000003,0.20000000000000007,0.7999999999999999,0.20000000000000007,0],"hitState":[[0,0,0],[0,0,0],[0,0,0]],"shipState":[[0,1,0],[0,1,0],[0,0,0]],"probState":[[0.4,0.6,0.4],[0.6,0.8,0.6],[0.4,0.6,0.4]],"infoGainState":[[1.5999999999999999,0.40000000000000013,0.7999999999999999],[0.40000000000000013,-0.8000000000000003,0.20000000000000007],[0.7999999999999999,0.20000000000000007,0]],"size":3},{"input":[0,0,0,0,0,0,0,0,0],"output":[1.25,-0.5,0.5,0,-0.5,-0.25,1.25,-0.25,0],"hitState":[[0,0,0],[0,0,0],[0,0,0]],"shipState":[[0,1,0],[0,1,0],[0,0,0]],"probState":[[0.25,0.75,0.5],[0,0.75,0.75],[0.25,0.75,0.5]],"infoGainState":[[1.25,-0.5,0.5],[0,-0.5,-0.25],[1.25,-0.25,0]],"size":3},{"input":[0,0,0,0,0,0,0,0,0],"output":[0,-1,0,0,0,0,0,0,0],"hitState":[[0,0,0],[0,0,0],[0,0,0]],"shipState":[[0,1,0],[0,1,0],[0,0,0]],"probState":[[0,1,0],[0,1,0],[0,0,0]],"infoGainState":[[0,-1,0],[0,0,0],[0,0,0]],"size":3},{"input":[0,0,0,0,0,0,0,0,0],"output":[1.5999999999999999,0.40000000000000013,0.7999999999999999,0.40000000000000013,-0.8000000000000003,0.20000000000000007,0.7999999999999999,0.20000000000000007,0],"hitState":[[0,0,0],[0,0,0],[0,0,0]],"shipState":[[0,1,0],[0,1,0],[0,0,0]],"probState":[[0.4,0.6,0.4],[0.6,0.8,0.6],[0.4,0.6,0.4]],"infoGainState":[[1.5999999999999999,0.40000000000000013,0.7999999999999999],[0.40000000000000013,-0.8000000000000003,0.20000000000000007],[0.7999999999999999,0.20000000000000007,0]],"size":3},{"input":[0,0,0,0,0,0,0,0,0],"output":[1.0000000000000002,1.1102230246251565e-16,0,0,1.1102230246251565e-16,1.1102230246251565e-16,0,0,0],"hitState":[[0,0,0],[0,0,0],[0,0,0]],"shipState":[[0,1,0],[0,1,0],[0,0,0]],"probState":[[0.3333333333333333,0.6666666666666666,0],[0,0.6666666666666666,0.6666666666666666],[0,0,0.3333333333333333]],"infoGainState":[[1.0000000000000002,1.1102230246251565e-16,0],[0,1.1102230246251565e-16,1.1102230246251565e-16],[0,0,0]],"size":3},{"input":[0,0,0,0,0,0,0,0,0],"output":[1.5999999999999999,0.40000000000000013,0.7999999999999999,0.7999999999999999,-0.8000000000000003,0.20000000000000007,0,0.7999999999999999,0],"hitState":[[0,0,0],[0,0,0],[0,0,0]],"shipState":[[0,1,0],[0,1,0],[0,0,0]],"probState":[[0.4,0.6,0.4],[0.4,0.8,0.6],[0,0.4,0.4]],"infoGainState":[[1.5999999999999999,0.40000000000000013,0.7999999999999999],[0.7999999999999999,-0.8000000000000003,0.20000000000000007],[0,0.7999999999999999,0]],"size":3},{"input":[0,1,0,0,1,0,0,0,0],"output":[2.6666666666666674,0,2.6666666666666674,1.7333333333333332,0,1.7333333333333332,1.2000000000000002,1.7333333333333332,0],"hitState":[[0,1,0],[0,1,0],[0,0,0]],"shipState":[[0,1,0],[0,1,0],[0,0,0]],"probState":[[0.3333333333333333,0.6666666666666666,0.3333333333333333],[0.4666666666666667,0.8666666666666667,0.4666666666666667],[0.26666666666666666,0.4666666666666667,0.26666666666666666]],"infoGainState":[[2.6666666666666674,0,2.6666666666666674],[1.7333333333333332,0,1.7333333333333332],[1.2000000000000002,1.7333333333333332,0]],"size":3},{"input":[0,0,0,0,0,0,0,0,0],"output":[0,1.5714285714285716,0,2.2857142857142856,0.5714285714285716,1.1428571428571428,1.1428571428571428,0.7142857142857142,0],"hitState":[[0,0,0],[0,0,0],[0,0,0]],"shipState":[[0,1,0],[0,1,0],[0,0,0]],"probState":[[0,0.14285714285714285,0],[0.2857142857142857,0.5714285714285714,0.2857142857142857],[0.2857142857142857,0.42857142857142855,0.2857142857142857]],"infoGainState":[[0,1.5714285714285716,0],[2.2857142857142856,0.5714285714285716,1.1428571428571428],[1.1428571428571428,0.7142857142857142,0]],"size":3},{"input":[0,0,0,0,0,0,0,0,0],"output":[0,1.5999999999999999,0.7999999999999999,0,0.40000000000000013,0.20000000000000007,0,0.7999999999999999,0],"hitState":[[0,0,0],[0,0,0],[0,0,0]],"shipState":[[0,1,0],[0,1,0],[0,0,0]],"probState":[[0,0.4,0.4],[0,0.6,0.6],[0,0.4,0.4]],"infoGainState":[[0,1.5999999999999999,0.7999999999999999],[0,0.40000000000000013,0.20000000000000007],[0,0.7999999999999999,0]],"size":3},{"input":[0,0,0,0,0,0,0,0,0],"output":[0,1.5999999999999999,0.7999999999999999,0,0.40000000000000013,0.20000000000000007,0,0.7999999999999999,0],"hitState":[[0,0,0],[0,0,0],[0,0,0]],"shipState":[[0,1,0],[0,1,0],[0,0,0]],"probState":[[0,0.4,0.4],[0,0.6,0.6],[0,0.4,0.4]],"infoGainState":[[0,1.5999999999999999,0.7999999999999999],[0,0.40000000000000013,0.20000000000000007],[0,0.7999999999999999,0]],"size":3},{"input":[1,0,0,1,0,0,0,0,0],"output":[0,-2.220446049250313e-16,0,0,0.1428571428571428,0,0,0,0],"hitState":[[1,0,0],[1,0,0],[0,0,0]],"shipState":[[1,0,0],[1,0,0],[0,0,0]],"probState":[[1,0.7142857142857143,0],[1,0.7142857142857143,0],[0,0,0]],"infoGainState":[[0,-2.220446049250313e-16,0],[0,0.1428571428571428,0],[0,0,0]],"size":3},{"input":[0,0,0,0,0,0,0,0,0],"output":[1.5999999999999999,0.40000000000000013,0.7999999999999999,0.40000000000000013,-0.8000000000000003,0.20000000000000007,0.7999999999999999,0.20000000000000007,0],"hitState":[[0,0,0],[0,0,0],[0,0,0]],"shipState":[[1,0,0],[1,0,0],[0,0,0]],"probState":[[0.4,0.6,0.4],[0.6,0.8,0.6],[0.4,0.6,0.4]],"infoGainState":[[1.5999999999999999,0.40000000000000013,0.7999999999999999],[0.40000000000000013,-0.8000000000000003,0.20000000000000007],[0.7999999999999999,0.20000000000000007,0]],"size":3},{"input":[0,0,0,0,0,0,0,0,0],"output":[1.5999999999999999,0.40000000000000013,0.7999999999999999,0.40000000000000013,0.20000000000000007,0.20000000000000007,0,0,0],"hitState":[[0,0,0],[0,0,0],[0,0,0]],"shipState":[[1,0,0],[1,0,0],[0,0,0]],"probState":[[0.4,0.6,0.4],[0.6,0.6,0.6],[0.2,0,0.2]],"infoGainState":[[1.5999999999999999,0.40000000000000013,0.7999999999999999],[0.40000000000000013,0.20000000000000007,0.20000000000000007],[0,0,0]],"size":3},{"input":[1,0,0,0,0,0,0,0,0],"output":[0,0,0,8.881784197001252e-16,0.7999999999999999,0,0.7999999999999999,0.20000000000000007,0],"hitState":[[1,0,0],[0,0,0],[0,0,0]],"shipState":[[1,0,0],[1,0,0],[0,0,0]],"probState":[[0.3,0,0],[0.7,0.4,0],[0.4,0.6,0.2]],"infoGainState":[[0,0,0],[8.881784197001252e-16,0.7999999999999999,0],[0.7999999999999999,0.20000000000000007,0]],"size":3},{"input":[0,0,0,0,0,0,0,0,0],"output":[1.5999999999999999,0.40000000000000013,0.7999999999999999,0.40000000000000013,-0.8000000000000003,0.20000000000000007,0.7999999999999999,0.20000000000000007,0],"hitState":[[0,0,0],[0,0,0],[0,0,0]],"shipState":[[1,0,0],[1,0,0],[0,0,0]],"probState":[[0.4,0.6,0.4],[0.6,0.8,0.6],[0.4,0.6,0.4]],"infoGainState":[[1.5999999999999999,0.40000000000000013,0.7999999999999999],[0.40000000000000013,-0.8000000000000003,0.20000000000000007],[0.7999999999999999,0.20000000000000007,0]],"size":3},{"input":[0,0,0,0,0,0,0,0,0],"output":[-2,0,0,-1,0,0,-1,0,0],"hitState":[[0,0,0],[0,0,0],[0,0,0]],"shipState":[[1,0,0],[1,0,0],[0,0,0]],"probState":[[1,0.5,0],[1,0,0],[1,0.5,0]],"infoGainState":[[-2,0,0],[-1,0,0],[-1,0,0]],"size":3},{"input":[1,0,0,1,0,0,0,0,0],"output":[0,0,0,0,0,0,0,0,0],"hitState":[[1,0,0],[1,0,0],[0,0,0]],"shipState":[[1,0,0],[1,0,0],[0,0,0]],"probState":[[1,0,0],[1,0,0],[0,0,0]],"infoGainState":[[0,0,0],[0,0,0],[0,0,0]],"size":3},{"input":[1,0,0,0,0,0,0,0,0],"output":[0,1.6153846153846154,1.0769230769230769,1.6153846153846154,0.3076923076923075,0.6153846153846153,1.0769230769230769,0.6153846153846153,0],"hitState":[[1,0,0],[0,0,0],[0,0,0]],"shipState":[[1,0,0],[1,0,0],[0,0,0]],"probState":[[0.46153846153846156,0.5384615384615384,0.3076923076923077],[0.5384615384615384,0.6153846153846154,0.46153846153846156],[0.3076923076923077,0.46153846153846156,0.3076923076923077]],"infoGainState":[[0,1.6153846153846154,1.0769230769230769],[1.6153846153846154,0.3076923076923075,0.6153846153846153],[1.0769230769230769,0.6153846153846153,0]],"size":3},{"input":[0,0,0,0,0,0,0,0,0],"output":[-2,0,0,0,0,0,0,0,0],"hitState":[[0,0,0],[0,0,0],[0,0,0]],"shipState":[[1,0,0],[1,0,0],[0,0,0]],"probState":[[1,0.5,0],[0.5,0,0],[0,0,0]],"infoGainState":[[-2,0,0],[0,0,0],[0,0,0]],"size":3},{"input":[1,0,0,0,0,0,0,0,0],"output":[0,0,0,-1,0,0,0,0,0],"hitState":[[1,0,0],[0,0,0],[0,0,0]],"shipState":[[1,0,0],[1,0,0],[0,0,0]],"probState":[[1,0,0],[1,0,0],[0,0,0]],"infoGainState":[[0,0,0],[-1,0,0],[0,0,0]],"size":3},{"input":[1,0,0,0,0,0,0,0,0],"output":[0,1.6153846153846154,1.0769230769230769,1.6153846153846154,0.3076923076923075,0.6153846153846153,1.0769230769230769,0.6153846153846153,0],"hitState":[[1,0,0],[0,0,0],[0,0,0]],"shipState":[[1,0,0],[1,0,0],[0,0,0]],"probState":[[0.46153846153846156,0.5384615384615384,0.3076923076923077],[0.5384615384615384,0.6153846153846154,0.46153846153846156],[0.3076923076923077,0.46153846153846156,0.3076923076923077]],"infoGainState":[[0,1.6153846153846154,1.0769230769230769],[1.6153846153846154,0.3076923076923075,0.6153846153846153],[1.0769230769230769,0.6153846153846153,0]],"size":3},{"input":[0,0,0,0,0,0,0,0,0],"output":[1.5999999999999999,0.40000000000000013,0.7999999999999999,0.40000000000000013,-0.8000000000000003,0,0.7999999999999999,0,0],"hitState":[[0,0,0],[0,0,0],[0,0,0]],"shipState":[[1,0,0],[1,0,0],[0,0,0]],"probState":[[0.4,0.6,0.4],[0.6,0.8,0.4],[0.4,0.4,0]],"infoGainState":[[1.5999999999999999,0.40000000000000013,0.7999999999999999],[0.40000000000000013,-0.8000000000000003,0],[0.7999999999999999,0,0]],"size":3},{"input":[0,0,0,0,0,0,0,0,0],"output":[-2,-1,-1,-1,0,-1,-1,-1,0],"hitState":[[0,0,0],[0,0,0],[0,0,0]],"shipState":[[1,0,0],[1,0,0],[0,0,0]],"probState":[[1,1,1],[1,0,1],[1,1,1]],"infoGainState":[[-2,-1,-1],[-1,0,-1],[-1,-1,0]],"size":3},{"input":[1,0,0,0,0,0,0,0,0],"output":[0,1.6153846153846154,1.0769230769230769,1.6153846153846154,0.3076923076923075,0.6153846153846153,1.0769230769230769,0.6153846153846153,0],"hitState":[[1,0,0],[0,0,0],[0,0,0]],"shipState":[[1,0,0],[1,0,0],[0,0,0]],"probState":[[0.46153846153846156,0.5384615384615384,0.3076923076923077],[0.5384615384615384,0.6153846153846154,0.46153846153846156],[0.3076923076923077,0.46153846153846156,0.3076923076923077]],"infoGainState":[[0,1.6153846153846154,1.0769230769230769],[1.6153846153846154,0.3076923076923075,0.6153846153846153],[1.0769230769230769,0.6153846153846153,0]],"size":3},{"input":[0,0,0,0,0,0,0,0,0],"output":[1.25,0,0,-0.5,0,0,0,0,0],"hitState":[[0,0,0],[0,0,0],[0,0,0]],"shipState":[[1,0,0],[1,0,0],[0,0,0]],"probState":[[0.25,0,0],[0.75,0.25,0],[0.25,0,0]],"infoGainState":[[1.25,0,0],[-0.5,0,0],[0,0,0]],"size":3},{"input":[1,0,0,1,0,0,0,0,0],"output":[0,2.625,1.25,0,1.375,0.875,0,1.25,0],"hitState":[[1,0,0],[1,0,0],[0,0,0]],"shipState":[[1,0,0],[1,0,0],[0,0,0]],"probState":[[0.4375,0.4375,0.25],[0.4375,0.5625,0.375],[0,0.25,0.25]],"infoGainState":[[0,2.625,1.25],[0,1.375,0.875],[0,1.25,0]],"size":3},{"input":[1,0,0,1,0,0,0,0,0],"output":[0,2.625,1.25,0,1.375,0.875,0,1.25,0],"hitState":[[1,0,0],[1,0,0],[0,0,0]],"shipState":[[1,0,0],[1,0,0],[0,0,0]],"probState":[[0.4375,0.4375,0.25],[0.4375,0.5625,0.375],[0,0.25,0.25]],"infoGainState":[[0,2.625,1.25],[0,1.375,0.875],[0,1.25,0]],"size":3},{"input":[0,0,0,0,0,0,0,0,0],"output":[1.5999999999999999,0.7999999999999999,0,0.40000000000000013,-0.8000000000000003,0,0.7999999999999999,0,0],"hitState":[[0,0,0],[0,0,0],[0,0,0]],"shipState":[[1,0,0],[1,0,0],[0,0,0]],"probState":[[0.4,0.4,0],[0.6,0.8,0.2],[0.4,0.4,0]],"infoGainState":[[1.5999999999999999,0.7999999999999999,0],[0.40000000000000013,-0.8000000000000003,0],[0.7999999999999999,0,0]],"size":3},{"input":[0,0,0,0,0,0,0,0,0],"output":[1.5999999999999999,0.40000000000000013,0.7999999999999999,0.40000000000000013,-0.8000000000000003,0.20000000000000007,0.7999999999999999,0.20000000000000007,0],"hitState":[[0,0,0],[0,0,0],[0,0,0]],"shipState":[[1,0,0],[1,0,0],[0,0,0]],"probState":[[0.4,0.6,0.4],[0.6,0.8,0.6],[0.4,0.6,0.4]],"infoGainState":[[1.5999999999999999,0.40000000000000013,0.7999999999999999],[0.40000000000000013,-0.8000000000000003,0.20000000000000007],[0.7999999999999999,0.20000000000000007,0]],"size":3},{"input":[0,0,0,0,0,0,0,0,0],"output":[1.0000000000000002,0,1.0000000000000002,1.1102230246251565e-16,0,0,0,0,0],"hitState":[[0,0,0],[0,0,0],[0,0,0]],"shipState":[[1,0,0],[1,0,0],[0,0,0]],"probState":[[0.3333333333333333,0,0.3333333333333333],[0.6666666666666666,0,0.3333333333333333],[0.3333333333333333,0,0]],"infoGainState":[[1.0000000000000002,0,1.0000000000000002],[1.1102230246251565e-16,0,0],[0,0,0]],"size":3},{"input":[1,0,0,1,0,0,0,0,0],"output":[0,0,0,0,0,0,1.818181818181818,0.9090909090909091,0],"hitState":[[1,0,0],[1,0,0],[0,0,0]],"shipState":[[1,0,0],[1,0,0],[0,0,0]],"probState":[[0.36363636363636365,0,0],[0.6363636363636364,0,0],[0.45454545454545453,0.36363636363636365,0.18181818181818182]],"infoGainState":[[0,0,0],[0,0,0],[1.818181818181818,0.9090909090909091,0]],"size":3},{"input":[1,0,0,0,0,0,0,0,0],"output":[0,1.6153846153846154,1.0769230769230769,1.6153846153846154,0.3076923076923075,0.6153846153846153,1.0769230769230769,0.6153846153846153,0],"hitState":[[1,0,0],[0,0,0],[0,0,0]],"shipState":[[1,0,0],[1,0,0],[0,0,0]],"probState":[[0.46153846153846156,0.5384615384615384,0.3076923076923077],[0.5384615384615384,0.6153846153846154,0.46153846153846156],[0.3076923076923077,0.46153846153846156,0.3076923076923077]],"infoGainState":[[0,1.6153846153846154,1.0769230769230769],[1.6153846153846154,0.3076923076923075,0.6153846153846153],[1.0769230769230769,0.6153846153846153,0]],"size":3},{"input":[0,0,0,0,0,0,0,0,0],"output":[1.0000000000000002,0,1.0000000000000002,1.1102230246251565e-16,1.1102230246251565e-16,0,0,0,0],"hitState":[[0,0,0],[0,0,0],[0,0,0]],"shipState":[[1,0,0],[1,0,0],[0,0,0]],"probState":[[0.3333333333333333,0,0.3333333333333333],[0.6666666666666666,0.6666666666666666,0.6666666666666666],[0,0,0]],"infoGainState":[[1.0000000000000002,0,1.0000000000000002],[1.1102230246251565e-16,1.1102230246251565e-16,0],[0,0,0]],"size":3},{"input":[1,0,0,1,0,0,0,0,0],"output":[0,-2.220446049250313e-16,0,0,0.1428571428571428,0,0,0,0],"hitState":[[1,0,0],[1,0,0],[0,0,0]],"shipState":[[1,0,0],[1,0,0],[0,0,0]],"probState":[[1,0.7142857142857143,0],[1,0.7142857142857143,0],[0,0,0]],"infoGainState":[[0,-2.220446049250313e-16,0],[0,0.1428571428571428,0],[0,0,0]],"size":3},{"input":[0,0,0,0,0,0,0,0,0],"output":[1.5999999999999999,0.40000000000000013,0.7999999999999999,0.40000000000000013,-0.8000000000000003,0.20000000000000007,0.7999999999999999,0.20000000000000007,0],"hitState":[[0,0,0],[0,0,0],[0,0,0]],"shipState":[[1,0,0],[1,0,0],[0,0,0]],"probState":[[0.4,0.6,0.4],[0.6,0.8,0.6],[0.4,0.6,0.4]],"infoGainState":[[1.5999999999999999,0.40000000000000013,0.7999999999999999],[0.40000000000000013,-0.8000000000000003,0.20000000000000007],[0.7999999999999999,0.20000000000000007,0]],"size":3},{"input":[0,0,0,0,0,0,0,0,0],"output":[-2,0,0,0,0,0,0,0,0],"hitState":[[0,0,0],[0,0,0],[0,0,0]],"shipState":[[1,0,0],[1,0,0],[0,0,0]],"probState":[[1,0.5,0],[0.5,0,0],[0,0,0]],"infoGainState":[[-2,0,0],[0,0,0],[0,0,0]],"size":3},{"input":[0,0,0,0,0,0,0,0,0],"output":[-2,0,0,0,0,0,0,0,0],"hitState":[[0,0,0],[0,0,0],[0,0,0]],"shipState":[[1,0,0],[1,0,0],[0,0,0]],"probState":[[1,0.5,0],[0.5,0,0],[0,0,0]],"infoGainState":[[-2,0,0],[0,0,0],[0,0,0]],"size":3},{"input":[1,0,0,0,0,0,0,0,0],"output":[0,1.6153846153846154,1.0769230769230769,1.6153846153846154,0.3076923076923075,0.6153846153846153,1.0769230769230769,0.6153846153846153,0],"hitState":[[1,0,0],[0,0,0],[0,0,0]],"shipState":[[1,0,0],[1,0,0],[0,0,0]],"probState":[[0.46153846153846156,0.5384615384615384,0.3076923076923077],[0.5384615384615384,0.6153846153846154,0.46153846153846156],[0.3076923076923077,0.46153846153846156,0.3076923076923077]],"infoGainState":[[0,1.6153846153846154,1.0769230769230769],[1.6153846153846154,0.3076923076923075,0.6153846153846153],[1.0769230769230769,0.6153846153846153,0]],"size":3},{"input":[0,0,0,0,0,0,0,0,0],"output":[1.25,0,1.25,-0.5,0.5,-0.25,0,0,0],"hitState":[[0,0,0],[0,0,0],[0,0,0]],"shipState":[[1,0,0],[1,0,0],[0,0,0]],"probState":[[0.25,0,0.25],[0.75,0.5,0.75],[0.25,0,0.25]],"infoGainState":[[1.25,0,1.25],[-0.5,0.5,-0.25],[0,0,0]],"size":3},{"input":[0,0,0,0,0,0,0,0,0],"output":[1.5999999999999999,0.40000000000000013,0.7999999999999999,0.40000000000000013,-0.8000000000000003,0,0.7999999999999999,0,0],"hitState":[[0,0,0],[0,0,0],[0,0,0]],"shipState":[[1,0,0],[1,0,0],[0,0,0]],"probState":[[0.4,0.6,0.4],[0.6,0.8,0.4],[0.4,0.4,0]],"infoGainState":[[1.5999999999999999,0.40000000000000013,0.7999999999999999],[0.40000000000000013,-0.8000000000000003,0],[0.7999999999999999,0,0]],"size":3},{"input":[0,0,0,0,0,0,0,0,0],"output":[1.5999999999999999,0.40000000000000013,0.7999999999999999,0.40000000000000013,-0.8000000000000003,0.20000000000000007,0.7999999999999999,0.20000000000000007,0],"hitState":[[0,0,0],[0,0,0],[0,0,0]],"shipState":[[1,0,0],[1,0,0],[0,0,0]],"probState":[[0.4,0.6,0.4],[0.6,0.8,0.6],[0.4,0.6,0.4]],"infoGainState":[[1.5999999999999999,0.40000000000000013,0.7999999999999999],[0.40000000000000013,-0.8000000000000003,0.20000000000000007],[0.7999999999999999,0.20000000000000007,0]],"size":3},{"input":[0,0,0,0,0,0,0,0,0],"output":[1.0000000000000002,0,0,0,0,1.0000000000000002,0,1.0000000000000002,0],"hitState":[[0,0,0],[0,0,0],[0,0,0]],"shipState":[[1,0,0],[1,0,0],[0,0,0]],"probState":[[0.3333333333333333,0,0],[0.3333333333333333,0,0.3333333333333333],[0,0.3333333333333333,0.6666666666666666]],"infoGainState":[[1.0000000000000002,0,0],[0,0,1.0000000000000002],[0,1.0000000000000002,0]],"size":3},{"input":[1,0,0,1,0,0,0,0,0],"output":[0,2.625,1.25,0,1.375,0.875,0,1.25,0],"hitState":[[1,0,0],[1,0,0],[0,0,0]],"shipState":[[1,0,0],[1,0,0],[0,0,0]],"probState":[[0.4375,0.4375,0.25],[0.4375,0.5625,0.375],[0,0.25,0.25]],"infoGainState":[[0,2.625,1.25],[0,1.375,0.875],[0,1.25,0]],"size":3},{"input":[1,0,0,1,0,0,0,0,0],"output":[0,2.625,1.25,0,1.375,0.875,0,1.25,0],"hitState":[[1,0,0],[1,0,0],[0,0,0]],"shipState":[[1,0,0],[1,0,0],[0,0,0]],"probState":[[0.4375,0.4375,0.25],[0.4375,0.5625,0.375],[0,0.25,0.25]],"infoGainState":[[0,2.625,1.25],[0,1.375,0.875],[0,1.25,0]],"size":3},{"input":[0,0,0,0,0,0,0,0,1],"output":[1.5999999999999999,0.40000000000000013,0.7999999999999999,0.40000000000000013,-0.8000000000000003,0.20000000000000018,0.7999999999999999,0.20000000000000018,0],"hitState":[[0,0,0],[0,0,0],[0,0,1]],"shipState":[[0,0,0],[0,0,1],[0,0,1]],"probState":[[0.4,0.6,0.4],[0.6,0.8,0.7],[0.4,0.7,0.6]],"infoGainState":[[1.5999999999999999,0.40000000000000013,0.7999999999999999],[0.40000000000000013,-0.8000000000000003,0.20000000000000018],[0.7999999999999999,0.20000000000000018,0]],"size":3},{"input":[0,0,0,0,0,0,0,0,1],"output":[1.5999999999999999,0.40000000000000013,0.7999999999999999,0.40000000000000013,-0.8000000000000003,0.20000000000000018,0.7999999999999999,0.20000000000000018,0],"hitState":[[0,0,0],[0,0,0],[0,0,1]],"shipState":[[0,0,0],[0,0,1],[0,0,1]],"probState":[[0.4,0.6,0.4],[0.6,0.8,0.7],[0.4,0.7,0.6]],"infoGainState":[[1.5999999999999999,0.40000000000000013,0.7999999999999999],[0.40000000000000013,-0.8000000000000003,0.20000000000000018],[0.7999999999999999,0.20000000000000018,0]],"size":3},{"input":[0,0,0,0,0,0,0,0,0],"output":[0,0,0,0,0,1.0000000000000002,0,1.0000000000000002,0],"hitState":[[0,0,0],[0,0,0],[0,0,0]],"shipState":[[0,0,0],[0,0,1],[0,0,1]],"probState":[[0,0,0],[0,0,0.3333333333333333],[0,0.3333333333333333,0.6666666666666666]],"infoGainState":[[0,0,0],[0,0,1.0000000000000002],[0,1.0000000000000002,0]],"size":3},{"input":[0,0,0,0,0,1,0,0,0],"output":[0,1.1428571428571428,0.1428571428571428,0,0,0,0,0,1.2857142857142856],"hitState":[[0,0,0],[0,0,1],[0,0,0]],"shipState":[[0,0,0],[0,0,1],[0,0,1]],"probState":[[0,0.2857142857142857,0.7142857142857143],[0,0,0.8571428571428571],[0,0,0.42857142857142855]],"infoGainState":[[0,1.1428571428571428,0.1428571428571428],[0,0,0],[0,0,1.2857142857142856]],"size":3},{"input":[0,0,0,0,0,1,0,0,0],"output":[1.5999999999999999,0.40000000000000013,1,0.40000000000000013,-1.3000000000000003,0,0.7999999999999999,0.20000000000000007,1],"hitState":[[0,0,0],[0,0,1],[0,0,0]],"shipState":[[0,0,0],[0,0,1],[0,0,1]],"probState":[[0.4,0.6,0.5],[0.6,0.9,0.9],[0.4,0.6,0.5]],"infoGainState":[[1.5999999999999999,0.40000000000000013,1],[0.40000000000000013,-1.3000000000000003,0],[0.7999999999999999,0.20000000000000007,1]],"size":3},{"input":[0,0,0,0,0,0,0,0,0],"output":[1.5999999999999999,0.40000000000000013,0.7999999999999999,0.40000000000000013,-0.8000000000000003,0.20000000000000007,0.7999999999999999,0.20000000000000007,0],"hitState":[[0,0,0],[0,0,0],[0,0,0]],"shipState":[[0,0,0],[0,0,1],[0,0,1]],"probState":[[0.4,0.6,0.4],[0.6,0.8,0.6],[0.4,0.6,0.4]],"infoGainState":[[1.5999999999999999,0.40000000000000013,0.7999999999999999],[0.40000000000000013,-0.8000000000000003,0.20000000000000007],[0.7999999999999999,0.20000000000000007,0]],"size":3},{"input":[0,0,0,0,0,0,0,0,0],"output":[1.5999999999999999,0.40000000000000013,0.7999999999999999,0.40000000000000013,-0.8000000000000003,0.20000000000000007,0.7999999999999999,0.20000000000000007,0],"hitState":[[0,0,0],[0,0,0],[0,0,0]],"shipState":[[0,0,0],[0,0,1],[0,0,1]],"probState":[[0.4,0.6,0.4],[0.6,0.8,0.6],[0.4,0.6,0.4]],"infoGainState":[[1.5999999999999999,0.40000000000000013,0.7999999999999999],[0.40000000000000013,-0.8000000000000003,0.20000000000000007],[0.7999999999999999,0.20000000000000007,0]],"size":3},{"input":[0,0,0,0,0,1,0,0,1],"output":[1.5999999999999999,0.40000000000000013,1,0.40000000000000013,-1.3000000000000003,0,0.7999999999999999,0.20000000000000018,0],"hitState":[[0,0,0],[0,0,1],[0,0,1]],"shipState":[[0,0,0],[0,0,1],[0,0,1]],"probState":[[0.4,0.6,0.5],[0.6,0.9,1],[0.4,0.7,0.7]],"infoGainState":[[1.5999999999999999,0.40000000000000013,1],[0.40000000000000013,-1.3000000000000003,0],[0.7999999999999999,0.20000000000000018,0]],"size":3},{"input":[0,0,0,0,0,0,0,0,0],"output":[1.5999999999999999,0.7999999999999999,0,0.7999999999999999,0.20000000000000007,0.7999999999999999,0,0,0],"hitState":[[0,0,0],[0,0,0],[0,0,0]],"shipState":[[0,0,0],[0,0,1],[0,0,1]],"probState":[[0.4,0.4,0],[0.4,0.6,0.4],[0,0,0.2]],"infoGainState":[[1.5999999999999999,0.7999999999999999,0],[0.7999999999999999,0.20000000000000007,0.7999999999999999],[0,0,0]],"size":3},{"input":[0,0,0,0,0,0,0,0,1],"output":[1.3333333333333335,0.6666666666666667,0.6666666666666667,0,0,0.7777777777777777,0,1.6666666666666667,0],"hitState":[[0,0,0],[0,0,0],[0,0,1]],"shipState":[[0,0,0],[0,0,1],[0,0,1]],"probState":[[0.4444444444444444,0.4444444444444444,0.4444444444444444],[0.